[[0, 3], [22, 73]]
[[0, 3], [22, 31]]
[[0, 3], [22, 73]]
[[0, 3], [22, 73]]
[[0, 3], [22, 73]]
[[49, 70]]
[[49, 91]]
[[30, 39], [57, 69]]
[[30, 39], [57, 69]]
[[34, 43], [71, 85], [95, 101], [126, 136], [144, 162]]
[[11, 19], [62, 78], [83, 87]]
[[11, 19], [65, 81], [88, 99], [116, 120]]
[[11, 19], [65, 81], [95, 99]]
[[11, 19], [62, 78], [92, 96]]
[[65, 81]]
[[11, 19], [65, 81], [88, 96], [100, 114]]
[[11, 19], [65, 81], [85, 93], [97, 111]]
[[11, 19], [65, 81], [85, 93], [97, 111]]
[[11, 19], [62, 78], [83, 87]]
[[11, 19], [62, 78], [85, 96], [100, 117]]
[[1, 13], [49, 67]]
[[48, 65]]
[[47, 65]]
[[4, 21], [45, 60], [64, 79], [124, 137], [141, 145]]
[[48, 66]]
[[1, 13], [48, 65], [69, 73]]
[[1, 13], [49, 66]]
[[1, 12], [48, 65], [105, 114], [118, 122]]
[[1, 9], [45, 62]]
[[5, 14], [124, 128]]
[[5, 14], [93, 101], [129, 133]]
[[5, 14], [93, 101]]
[[5, 14], [82, 86]]
[]
[[31, 35], [46, 50]]
[[31, 35], [46, 54]]
[[50, 57]]
[[31, 41], [52, 62]]
[[49, 54]]
[[31, 41], [52, 66]]
[[9, 13], [25, 29], [33, 37], [39, 41], [48, 79], [87, 96]]
[[9, 14], [30, 85], [87, 89], [94, 106], [111, 123]]
[[9, 14], [30, 136]]
[[9, 14], [30, 112]]
[[9, 14], [30, 112]]
[[9, 14], [30, 117]]
[[9, 14], [30, 127]]
[[9, 14], [30, 148]]
[[9, 19], [28, 51], [80, 100]]
[[1, 23]]
[[1, 32]]
[[1, 32], [67, 81], [87, 153]]
[[1, 29], [46, 62]]
[[1, 32], [67, 81], [87, 205]]
[[1, 57], [93, 106]]
[]
[[1, 6], [10, 21], [24, 39],  [47, 60]]
[[196, 203]]
[[100,107],[181,184],[232,235],[241,248]]
[[116, 123], [327, 345], [354, 361], [377, 388]]
[[100, 107], [232, 278]]
[[27, 40], [55, 64]]
[[27, 38], [44, 48]]
[[26, 39], [44, 56]]
[[39, 51]]
[[26, 39], [44, 48]]
[]
[[44, 48]]
[]
[]
[[300, 307], [318, 413]]
[[174, 246]]
[[170, 240]]
[[90, 204]]
[[90, 193]]
[[90, 168]]
[[16, 29]]
[[16, 29]]
[[16, 29]]
[[16, 29]]
[[1, 20]]
[[1, 32]]
[[1, 21]]
[[1, 21]]
[[25, 27], [35, 56]]
[[23, 31], [39, 51], [55, 63], [81, 83], [87, 95]]
[[25, 27], [44, 59]]
[[25, 29]]
[[23, 31], [39, 51], [55, 61], [80, 82], [86, 96]]
[[25, 29], [37, 49], [53, 66]]
[[23, 31], [39, 51], [55, 63], [81, 83], [87, 98]]
[[25, 41], [49, 67]]
[[25, 27], [43, 61]]
[[13, 27], [31, 41]]
[[41, 45], [92, 147]]
[[41, 45], [92, 138]]
[[41, 45]]
[[31, 35]]
[[41, 45], [92, 114]]
[[41, 45], [92, 130]]
[[41, 45], [92, 145]]
[[41, 45], [92, 158]]
[[33, 37]]
[[39, 43], [90, 110]]
[[9,14]]
[[1, 60]]
[[1, 28]]
[]
[[38, 48], [50, 96]]
[]
[[69, 82]]
[[25, 32], [39, 43]]
[[36, 43], [47, 51]]
[[25, 32], [51, 63]]
[[25, 32], [39, 51]]
[[23, 47], [58, 62]]
[[38, 42]]
[[23, 47], [58, 62]]
[[15, 39], [64, 68]]
[[23, 47], [65, 74], [78, 82]]
[[23, 47], [63, 67]]
[[38, 42]]
[[23, 44], [62, 74], [78, 82]]
[[66, 70]]
[[1, 11]]
[[79, 83]]
[[41, 81]]
[[28, 39]]
[[31, 46]]
[[37, 53], [65, 78], [83, 101]]
[[28, 32]]
[[28, 39]]
[[40, 70]]
[[33, 49], [77, 102]]
[[1, 13]]
[[1, 9]]
[[1, 6]]
[[1, 9]]
[[1, 9]]
[[1, 13]]
[[12, 18]]
[[17, 23], [31, 47], [61, 72]]
[[17, 23], [73, 78]]
[[12, 18], [68, 73]]
[[12, 18]]
[[12, 18], [26, 36], [50, 61]]
